0000 00000
0001 00000
0002 00000
0003 00000
0004 00000
0005 00000
0006 122125
0007 32116
0010 00000
0011 00000
0012 00000
0013 00000
0014 00000
0015 00000
0016 00000
0017 00000
0020 00000
0021 00000
0022 00373
0023 00000
0024 01750
0025 00322
0026 00261
0027 177777
0030 00221
0031 00151
0032 00764
0033 00024
0034 00103
0035 00000
0036 00000
0037 00040
0040 02010
0041 14001
0042 04010
0043 06011
0044 10010
0045 04007
0046 122307
0047 05700
0050 16436
0051 16422
0052 122137
0053 42515
0054 00000
0055 16412
0056 42514
0057 14412
0060 14422
0061 14436
0062 06011
0063 10010
0064 04007
0065 122307
0066 03700
0067 02010
0070 16001
0071 04010
0072 36000
0073 02010
0074 14001
0075 04010
0076 06011
0077 10010
0100 04007
0101 122307
0102 05700
0103 172400
0104 06012
0105 122137
0106 54100
0107 31514
0110 34100
0111 16436
0112 16422
0113 04436
0114 172400
0115 06012
0116 54100
0117 122134
0120 31535
0121 122137
0122 34100
0123 16436
0124 16422
0125 04435
0126 02036
0127 07012
0130 50200
0131 122137
0132 26114
0133 10435
0134 30114
0135 04436
0136 122134
0137 32111
0140 06011
0141 10010
0142 04007
0143 122307
0144 03700
0145 02010
0146 16001
0147 04010
0150 36000
0151 02010
0152 14001
0153 04010
0154 06011
0155 10010
0156 04007
0157 122307
0160 05700
0161 122137
0162 34133
0163 02033
0164 10032
0165 04007
0166 122107
0167 02036
0170 04100
0171 02033
0172 16001
0173 04033
0174 122131
0175 26110
0176 06011
0177 10010
0200 04007
0201 122307
0202 03700
0203 02010
0204 16001
0205 04010
0206 36000
0207 02010
0210 14001
0211 04010
0212 06011
0213 10010
0214 04007
0215 122307
0216 05700
0217 05007
0220 12407
0221 122130
0222 42514
0223 10407
0224 06011
0225 10010
0226 04007
0227 122307
0230 03700
0231 02010
0232 16001
0233 04010
0234 36001
0235 10407
0236 06011
0237 10010
0240 04007
0241 122307
0242 03700
0243 02010
0244 16001
0245 04010
0246 36000
0247 02010
0250 14001
0251 04010
0252 06011
0253 10010
0254 04007
0255 122307
0256 05700
0257 06024
0260 04033
0261 02032
0262 10033
0263 04007
0264 122107
0265 02500
0266 03036
0267 122131
0270 34136
0271 122126
0272 24117
0273 04407
0274 13007
0275 05007
0276 122126
0277 32124
0300 05007
0301 12407
0302 04407
0303 122126
0304 32124
0305 02427
0306 03007
0307 122131
0310 34136
0311 122125
0312 26100
0313 05027
0314 02032
0315 10033
0316 04007
0317 122107
0320 02500
0321 04435
0322 02033
0323 16001
0324 04033
0325 122126
0326 42100
0327 06011
0330 10010
0331 04007
0332 122307
0333 03700
0334 02010
0335 16001
0336 04010
0337 36000
0340 122131
0341 34100
0342 122137
0343 34133
0344 122130
0345 34126
0346 122125
0347 32127
0350 00000
0351 02035
0352 07012
0353 52200
0354 03023
0355 15001
0356 05023
0357 03024
0360 11023
0361 05007
0362 122107
0363 14436
0364 14422
0365 04500
0366 122125
0367 26130
0370 02024
0371 10023
0372 04024
0373 122124
0374 02100
0375 174001
0376 02024
0377 16001
0400 04024
0401 02023
0402 16001
0403 04023
0404 122122
0405 26100
0406 00000